35 19

0 0
5.4 0
0.54 6
4.86 6
1.08 12
4.32 12
1.62 18
3.78 18
2.16 24
3.24 24
-4.14 24
-9.3 24
-5.3 26
-1.3 28
2.7 30
6.7 28
10.7 26
9.54 24
14.7 24


1 2  210e9 200e-6
1 3  210e9 1300e-6
2 3  210e9  1300e-6
2 4  210e9  1300e-6
3 4  210e9 200e-6
3 5  210e9  1300e-6
4 5  210e9  1300e-6
4 6  210e9  1300e-6
5 6  210e9 200e-6
5 7  210e9  1300e-6
6 7  210e9  1300e-6
6 8  210e9  1300e-6
7 8  210e9 200e-6
7 9  210e9  1300e-6
8 9  210e9  1300e-6
8 10  210e9  1300e-6
9 10  210e9 200e-6
9 15  210e9  1300e-6
10 15  210e9  1300e-6
10 16  210e9  1300e-6
15 16  210e9  1300e-6
10 18  210e9 200e-6
16 18  210e9  1300e-6
16 17  210e9  1300e-6
17 18  210e9  1300e-6
17 19  210e9  1300e-6
18 19  210e9 200e-6
9 14  210e9  1300e-6
14 15  210e9  1300e-6
9 11  210e9 200e-6
11 14  210e9  1300e-6
13 14  210e9  1300e-6
11 13  210e9  1300e-6
12 13  210e9  1300e-6
11 12  210e9 200e-6



3
1 2 15

1 1
1 1
1 0


4
11 12 18 19

-10825  -6250
10825  -18750
10825  -6250
-10825  -18750










